200 25 64.508499999999998 0.144098 0.68665115867380111 0.68665115867380111 0.68665115867380111 0.56749999523162842 0.97015011310577393 0.35219359397888184 1.619437575340271 0.23941406607627869
 225 50 36.381799999999998 0.14218900000000001 1.3710482859249575 1.3710482859249575 1.3710482859249575 0.6600000262260437 1.1282804012298584 0.41346681118011475 1.9314517974853516 0.28875002264976501
 250 75 21.594899999999999 0.140595 1.2939894665577443 1.2939894665577443 1.2939894665577443 0.72750002145767212 1.1479777097702026 0.47990846633911133 1.78818678855896 0.34101563692092896
 275 100 13.3231 0.14254900000000001 0.5653081987450852 0.5653081987450852 0.5653081987450852 0.66750001907348633 1.0479778051376343 0.44533953070640564 1.6155765056610107 0.32071289420127869
 300 125 8.5161499999999997 0.13922300000000001 0.97016573965750719 0.97016573965750719 0.97016573965750719 0.66250002384185791 1.0295647382736206 0.43977966904640198 1.5605418682098389 0.310546875
 325 150 5.6047099999999999 0.13814399999999999 1.8876094030251371 1.8876094030251371 1.8876094030251371 0.84250003099441528 1.2958625555038452 0.5717625617980957 1.9338365793228149 0.41466799378395081
 350 175 3.78661 0.136877 2.2559335764291752 2.2559335764291752 2.2559335764291752 0.78374999761581421 1.2398629188537598 0.5111309289932251 1.8830289840698242 0.35819825530052185
 375 200 2.6116199999999998 0.13847699999999999 1.0427279490688048 1.0427279490688048 1.0427279490688048 0.80875003337860107 1.3052017688751221 0.52541106939315796 2.0174911022186279 0.36646485328674316
 400 225 1.8353699999999999 0.136985 1.8303065538632373 1.8303065538632373 1.8303065538632373 0.94499999284744263 1.4685866832733154 0.62811583280563354 2.1875619888305664 0.45035156607627869
 425 250 1.31169 0.13501299999999999 1.8346491058890462 1.8346491058890462 1.8346491058890462 0.94999998807907104 1.3968353271484375 0.65776365995407104 1.985466480255127 0.482421875
 450 275 0.94833299999999998 0.13455900000000001 1.9042268240477314 1.9042268240477314 1.9042268240477314 1.1299999952316284 1.6344735622406006 0.79763489961624146 2.2819564342498779 0.59148436784744263
 475 300 0.697075 0.13392599999999999 2.4011522188209584 2.4011522188209584 2.4011522188209584 1.2037500143051147 1.8515069484710693 0.8109736442565918 2.6641082763671875 0.58306640386581421
 500 325 0.51848000000000005 0.133797 2.1340822408712583 2.1340822408712583 2.1340822408712583 1.1037499904632568 1.6624984741210938 0.75343871116638184 2.4432547092437744 0.54325193166732788
 525 350 0.39030300000000001 0.13344300000000001 2.5965597295658864 2.5965597295658864 2.5965597295658864 1.5075000524520874 2.150458812713623 1.0677359104156494 2.9775123596191406 0.79497075080871582
 550 375 0.296128 0.132687 2.2816351968571649 2.2816351968571649 2.2816351968571649 1.6075000762939453 2.3828153610229492 1.1090809106826782 3.4299764633178711 0.81002932786941528
 575 400 0.22611800000000001 0.132741 3.2664663183787943 3.2664663183787943 3.2664663183787943 1.8300000429153442 2.7563962936401367 1.2509765625 3.8095338344573975 0.91500002145767212
 600 425 0.174599 0.132074 3.6768851777365907 3.6768851777365907 3.6768851777365907 2.1749999523162842 3.2760446071624756 1.4921927452087402 4.6711459159851074 1.0959960222244263
 625 450 0.13637199999999999 0.12796199999999999 3.4606001144350564 3.4606001144350564 3.4606001144350564 2.1000001430511475 3.1295950412750244 1.4334961175918579 4.4651451110839844 1.0335937738418579
 650 475 0.107045 0.12923200000000001 5.3024499595080199 5.3024499595080199 5.3024499595080199 2.7400000095367432 4.3236546516418457 1.8199912309646606 6.4217414855957031 1.2950781583786011
 675 500 0.084487699999999999 0.13070300000000001 2.3074203463282119 2.3074203463282119 2.3074203463282119 2.5250000953674316 3.7529006004333496 1.7544312477111816 5.4855332374572754 1.2920899391174316
